[-3,-2,0]
-1,0,0,0|||Start.tscn
[-2,-2,0]
1,0,-1,0|||Start.tscn
[-2,-3,0]
1,0,0,0|||PumpkinPieRoom.tscn
[-1,-3,0]
-1,-1,1,0|||VillageBridge.tscn
[-1,-2,0]
-1,0,1,-1|||VillageBridge.tscn
[0,-3,0]
0,-1,-1,0|||VillageBridge.tscn
[0,-2,0]
1,0,-1,-1|||VillageBridge.tscn
[1,-5,0]
-1,-1,0,0|||VillageToGuesthouseTransition.tscn
[1,-4,0]
-1,-1,0,-1|||VillageToGuesthouseTransition.tscn
[1,-3,0]
-1,-1,0,-1|||VillageToGuesthouseTransition.tscn
[1,-2,0]
-1,0,1,-1|||VillageToGuesthouseTransition.tscn
[2,-5,0]
-1,-1,-1,0|||VillageToGuesthouseTransition.tscn
[2,-4,0]
-1,-1,-1,-1|||VillageToGuesthouseTransition.tscn
[2,-3,0]
-1,-1,-1,-1|||VillageToGuesthouseTransition.tscn
[2,-2,0]
-1,0,-1,-1|||VillageToGuesthouseTransition.tscn
[3,-5,0]
0,-1,-1,0|||VillageToGuesthouseTransition.tscn
[3,-4,0]
0,-1,-1,-1|||VillageToGuesthouseTransition.tscn
[3,-3,0]
0,-1,-1,-1|||VillageToGuesthouseTransition.tscn
[3,-2,0]
1,0,-1,-1|||VillageToGuesthouseTransition.tscn
[4,-2,0]
1,-1,1,0|||ShortswordRoom.tscn
[4,-1,0]
1,0,1,-1|,,,4c0000,||ShortswordRoom.tscn
[2,-1,0]
-1,0,1,0|,,,4c0000,||FlyingArmor.tscn
[3,-1,0]
1,0,-1,0|,4c0000,,,||FlyingArmor.tscn
[1,-1,0]
1,0,1,0|,4c0000,,,||ClaymoreRoom.tscn
[-1,-1,0]
-1,-1,1,0|||VillageHub.tscn
[-1,0,0]
-1,-1,1,-1|||VillageHub.tscn
[-1,1,0]
-1,-1,1,-1|||VillageHub.tscn
[-1,2,0]
-1,0,1,-1|||VillageHub.tscn
[0,-1,0]
1,-1,-1,0|||VillageHub.tscn
[0,0,0]
1,-1,-1,-1|||VillageHub.tscn
[0,1,0]
0,-1,-1,-1|||VillageHub.tscn
[0,2,0]
1,0,-1,-1|||VillageHub.tscn
[-2,-1,0]
1,0,0,0|0010ff,,,,||VillageTeleporter.tscn
[-2,0,0]
1,-1,0,0|||MaceRoom.tscn
[-2,1,0]
1,0,1,-1|||MaceRoom.tscn
[-3,1,0]
1,0,0,0|ff0000,,,,||VillageHubSave.tscn
[-2,2,0]
1,0,0,0|280039,,,,||YokosShop.tscn
[1,0,0]
0,-1,1,0|||
[1,1,0]
1,0,0,-1|||
[1,2,0]
0,0,1,0|280039,,,,||HammersShop.tscn
[2,0,0]
-1,-1,0,0|||
[2,1,0]
-1,-1,1,-1|||
[2,2,0]
-1,1,0,-1|||
[3,0,0]
1,-1,-1,0|||
[3,1,0]
0,-1,-1,-1|||
[3,2,0]
1,0,-1,-1|||
[4,2,0]
-1,0,1,0|||
[5,2,0]
1,1,-1,0|||
[5,3,0]
0,0,0,1|||CornSoupRoom.tscn
[6,2,0]
-1,0,1,0|||CapeAndTearOfBloodRoom.tscn
[7,2,0]
0,0,-1,0|||CapeAndTearOfBloodRoom.tscn
[4,0,0]
-1,-1,1,0|||
[4,1,0]
-1,0,0,-1|||
[5,0,0]
1,-1,-1,0|||
[5,1,0]
0,0,-1,-1|||
[6,0,0]
-1,0,1,0|||
[7,0,0]
1,0,-1,0|||
[8,0,0]
1,0,1,0|||
[9,-3,0]
-1,-1,0,0|||DrawbridgeRoom.tscn
[9,-2,0]
-1,-1,1,-1|||DrawbridgeRoom.tscn
[9,-1,0]
-1,-1,0,-1|||DrawbridgeRoom.tscn
[9,0,0]
-1,0,1,-1|||DrawbridgeRoom.tscn
[10,-3,0]
0,-1,-1,0|||DrawbridgeRoom.tscn
[10,-2,0]
1,-1,-1,-1|||DrawbridgeRoom.tscn
[10,-1,0]
0,-1,-1,-1|||DrawbridgeRoom.tscn
[10,0,0]
0,0,-1,-1|||DrawbridgeRoom.tscn
[5,-3,0]
-1,-1,0,0|||WargsRoom.tscn
[5,-2,0]
-1,0,1,-1|||WargsRoom.tscn
[6,-3,0]
-1,-1,-1,0|||WargsRoom.tscn
[6,-2,0]
-1,0,-1,-1|||WargsRoom.tscn
[7,-3,0]
-1,-1,-1,0|||WargsRoom.tscn
[7,-2,0]
-1,0,-1,-1|||WargsRoom.tscn
[8,-3,0]
0,-1,-1,0|||WargsRoom.tscn
[8,-2,0]
1,0,-1,-1|||WargsRoom.tscn
[5,-1,0]
0,0,1,0|ff0000,,,,||FlyingArmorSave.tscn
[11,-3,0]
-1,-1,0,0|||HeartPendantRoom.tscn
[11,-2,0]
-1,0,1,-1|||HeartPendantRoom.tscn
[12,-3,0]
0,-1,-1,0|||HeartPendantRoom.tscn
[12,-2,0]
0,0,-1,-1|||HeartPendantRoom.tscn
[-1,3,0]
0,-1,0,0|||
[-1,4,0]
0,-1,0,-1|||
[-1,5,0]
1,0,0,-1|||
[0,5,0]
-1,0,1,0|||
[1,5,0]
1,0,-1,0|||
[2,3,0]
0,-1,0,1|||
[2,4,0]
0,-1,0,-1|||
[2,5,0]
0,-1,1,-1|||
[11,0,0]
1,0,1,0|||
[12,0,0]
1,-1,1,0|||
[12,1,0]
0,-1,0,-1|||
[12,2,0]
1,-1,1,-1|||
[12,3,0]
0,-1,0,-1|||
[12,4,0]
0,0,1,-1|||
[13,0,0]
-1,0,1,0|||
[14,0,0]
-1,0,-1,0|||
[15,0,0]
-1,0,-1,0|||
[16,0,0]
-1,0,-1,0|||
[17,0,0]
1,0,-1,0|||
[18,0,0]
0,-1,1,0|||
[18,1,0]
0,0,1,-1|||
[17,1,0]
1,0,0,0|||
[13,2,0]
-1,-1,1,0|||
[13,3,0]
-1,0,0,-1|||
[14,2,0]
0,-1,-1,0|||
[14,3,0]
0,0,-1,-1|||
[11,2,0]
1,0,0,0|e50000,,,,||
[13,4,0]
-1,-1,0,0|||
[13,5,0]
-1,0,1,-1|||
[14,4,0]
1,-1,-1,0|||
[14,5,0]
0,0,-1,-1|||
[13,6,0]
0,0,1,0|0010ff,,,,||
[15,4,0]
-1,0,1,0|||
[16,4,0]
-1,0,-1,0|||
[17,4,0]
-1,0,-1,0|||
[18,4,0]
-1,0,-1,1|||
[19,4,0]
-1,0,-1,0|||
[20,4,0]
-1,0,-1,0|||
[21,4,0]
-1,0,-1,0|||
[22,4,0]
0,0,-1,0|||
[18,3,0]
0,1,0,0|||
[12,5,0]
1,-1,0,0|||
[12,6,0]
1,-1,1,-1|||
[12,7,0]
1,0,1,-1|||
[9,4,0]
-1,-1,1,0|||
[9,5,0]
-1,0,0,-1|||
[10,4,0]
-1,-1,-1,0|||
[10,5,0]
-1,0,-1,-1|||
[11,4,0]
1,-1,-1,0|||
[11,5,0]
0,0,-1,-1|||
[9,6,0]
-1,0,1,0|||
[10,6,0]
-1,0,-1,0|||
[11,6,0]
1,0,-1,0|||
[9,7,0]
-1,-1,1,0|||
[9,8,0]
-1,0,0,-1|||
[10,7,0]
-1,-1,-1,0|||
[10,8,0]
-1,1,-1,-1|||
[11,7,0]
1,-1,-1,0|||
[11,8,0]
0,0,-1,-1|||
[8,4,0]
1,-1,0,0|||
[8,5,0]
0,-1,0,-1|||
[8,6,0]
1,-1,0,-1|||
[8,7,0]
1,-1,0,-1|||
[8,8,0]
0,0,1,-1|||
[4,8,0]
-1,0,1,0|||
[5,8,0]
-1,0,-1,0|||
[6,8,0]
-1,0,-1,0|||
[7,8,0]
1,0,-1,0|||
[3,8,0]
1,0,1,0|||
[2,6,0]
0,-1,0,-1|||
[2,7,0]
0,-1,0,-1|||
[2,8,0]
1,-1,0,-1|||
[2,9,0]
0,-1,0,-1|||
[2,10,0]
0,-1,0,-1|||
[2,11,0]
0,-1,0,-1|||
[2,12,0]
0,0,0,-1|||
[10,9,0]
-1,0,0,1|||
[11,9,0]
1,0,-1,0|||
[12,8,0]
1,-1,0,0|||
[12,9,0]
0,-1,1,-1|||
[12,10,0]
1,0,0,-1|||
[13,7,0]
-1,-1,1,0|||
[13,8,0]
-1,0,1,-1|||
[14,7,0]
1,-1,-1,0|||
[14,8,0]
0,0,-1,-1|||
[13,10,0]
-1,0,1,0|||
[14,10,0]
1,0,-1,0|||
[15,10,0]
0,-1,1,0|||
[15,11,0]
1,0,1,-1|,,,4c0000,||
[16,11,0]
0,0,1,0|e50000,,,,||
[13,11,0]
-1,0,-1,0|||
[14,11,0]
1,0,-1,0|,4c0000,,,||
[11,11,0]
-1,0,0,0|||
[12,11,0]
-1,0,-1,0|||
[15,7,0]
-1,0,1,0|||
[16,7,0]
-1,0,-1,0|||
[17,7,0]
-1,0,-1,0|||
[18,7,0]
1,0,-1,0|||
[19,7,0]
0,0,1,0|||
